00000000000000000000000000000000000000000000000000
00000000000000000000000000000000000000000000000000
00000000000000000000000000000000000000000000000000
00000000000000000000000000000000000000000000000000
00000000000000000000000000000000000000000000000000
00000000000000000444444444444444000000000000000000
00000000000000000400000000900004000000000000000000
00000000000000000400000000000004000000000000000000
00000000000000000400000000000004000000000000000000
00000000000000000400000000000004000000000000000000
00000000000000000400000000000004000000000000000000
00000000000000000480000000000004000000000000000000
00000000000000000400000000000004000000000000000000
00000000000000000444444444444444000000000000000000
00000000000000000000000000000000000000000000000000
00000000000000000000000000000000000000000000000000
00000000000000000000000000000000000000000000000000
00000000000000000000000000000000000000000000000000
00000000000000000000000000000000000000000000000000