0000000000000000000000000000000000000000000000000
0000000000000000000000000000000000000000000000000
0000000000000000000000000000000000000000000000000
0000000000000000000000000000000000000000000000000
0000000000000000000000000000000000000000000000000
0000000000000000444444444444444000000000000000000
0000000000000000400000000000004000000000000000000
0000000000000000400000000000004000000000000000000
0000000000000000400000000000004000000000000000000
0000000000000000400000000000004000000000000000000
0000000000000000400000000000004000000000000000000
0000000000000000400000000000004000000000000000000
0000000000000000400000000000004000000000000000000
0000000000000000444444444444444000000000000000000
0000000000000000000000000000000000000000000000000
0000000000000000000000000000000000000000000000000
0000000000000000000000000000000000000000000000000
0000000000000000000000000000000000000000000000000
0000000000000000000000000000000000000000000000000